20241211.027	8.0		8.0
20241211.075	9.0		9.0
20241211.029	9.0		9.0
20241211.030	8.0		8.0
20241211.010	1000		-500
20241211.013	4.0		4.0
20241211.014	8.0		8.0
20241211.015	9.0		9.0
20241211.016	9.0		9.0
20241211.035	9.0		9.0
20241211.052	1000		-500
20241211.077	8.0		8.0
20241211.006	1000		-500
20241211.011	1000		-500
20241211.025	9.0		9.0
20241211.026	8.0		8.0
20241211.036	9.0		9.0
20241211.037	9.0		9.0
20241211.038	9.0		9.0
20241211.012	6.0		6.0
20241211.017	9.0		9.0
20241211.018	0.0		0.0
20241211.019	9.0		9.0
20241211.020	0.0		0.0
20241211.021	8.0		8.0
20241211.022	9.0		9.0
20241211.023	9.0		9.0
20241211.024	9.0		9.0
20241211.031	0.0		0.0
20241211.032	1000		-500
20241211.033	1000		-500
20241211.034	9.0		9.0
20241211.039	8.0		8.0
20241211.040	9.0		9.0
20241211.041	9.0		9.0
20241211.042	9.0		9.0
20241211.046	1000		-500
20241211.051	1000		-500
20241211.054	1000		-500
20241211.055	1000		-500
20241211.057	1000		-500
20241211.058	8.0		8.0
20241211.059	9.0		9.0
20241211.061	6.0		6.0
20241211.062	1000		-500
20241211.063	1000		-500
20241211.064	1000		-500
20241211.071	1000		-500
20241211.072	1000		-500
20241211.076	8.0		8.0
20241211.083	9.0		9.0
20241128.058	0.0		0.0
20241128.046	1000		-500
20241128.059	0.0		0.0
20241128.060	0.0		0.0
20241128.061	0.0		0.0
20241128.062	0.0		0.0
20241128.057	0.0		0.0
20241128.065	0.0		0.0
20241128.066	0.0		0.0
20241128.067	0.0		0.0
20241128.093	0.0		0.0
20241128.094	0.0		0.0
20241204.077	9.0		9.0
20241106.021	1000		-500
20241106.023	1000		-500
20241203.021	1000		-500
20241203.022	1000		-500
20241203.023	0.0		0.0
20241203.026	0.0		0.0
20241203.027	0.0		0.0
20241203.028	0.0		0.0
20241203.029	0.0		0.0
20241203.031	1000		-500
20241203.032	1000		-500
20241203.033	1000		-500
20241203.034	1000		-500
20241203.035	1000		-500
20230307.048	1000		-500
20230307.041	1000		-500
20230307.042	1000		-500
20241001.015	1000		-500
20241001.016	1000		-500
20241001.017	1000		-500
20241001.018	0.0		0.0
20241001.021	0.0		0.0
20241001.025	0.0		0.0
20241001.026	0.0		0.0
20241001.029	1000		-500
20241001.030	1000		-500
20241001.031	1000		-500
20241001.032	1000		-500
20241001.034	1000		-500
20250220.008	1000		-500
20250220.009	0.0		0.0
20241008.046	1000		-500
20250220.010	0.0		0.0
20250220.011	0.0		0.0
20250220.012	1000		-500
20250220.013	1000		-500
20241008.048	0.0		0.0
20250220.014	1000		-500
20250220.015	1000		-500
20250220.016	1000		-500
20250220.017	1000		-500
20250220.018	1000		-500
20241008.050	0.0		0.0
20250220.019	1000		-500
20241008.052	1000		-500
20241009.009	1000		-500
20250220.028	0.0		0.0
20250220.030	0.0		0.0
20250220.031	0.0		0.0
20250220.032	0.0		0.0
20250220.033	0.0		0.0
20250220.037	0.0		0.0
20250220.038	0.0		0.0
20250220.039	0.0		0.0
20250220.040	0.0		0.0
20250220.041	0.0		0.0
20250220.043	0.0		0.0
20250220.044	0.0		0.0
20241008.054	1000		-500
20241008.057	0.0		0.0
20241008.060	0.0		0.0
20241009.019	0.0		0.0
20241009.032	0.0		0.0
20241009.022	1000		-500
20241009.024	1000		-500
20241009.025	1000		-500
20241009.030	1000		-500
20241009.031	1000		-500
20241009.035	0.0		0.0
20241009.036	1000		-500
20241009.038	0.0		0.0
20250220.049	1000		-500
20241009.057	0.0		0.0
20250220.066	1000		-500
20241009.058	0.0		0.0
T20250220.001	1000		-500
T20250220.002	1000		-500
20241009.060	1000		-500
20241009.062	0.0		0.0
T20250220.004	1000		-500
T20250220.005	1000		-500
20241009.064	0.0		0.0
T20250220.006	1000		-500
T20250220.007	1000		-500
20241009.065	1000		-500
20241009.066	1000		-500
T20250220.008	1000		-500
20241010.016	1000		-500
20241010.017	1000		-500
T20250220.010	1000		-500
20241010.019	1000		-500
20241010.020	1000		-500
20241010.022	1000		-500
20241010.035	0.0		0.0
20241010.037	0.0		0.0
20241010.038	0.0		0.0
20241010.040	0.0		0.0
20241010.042	0.0		0.0
20241010.043	0.0		0.0
20241010.045	1000		-500
20241015.044	1000		-500
20241015.047	0.0		0.0
20241015.049	0.0		0.0
20241015.051	0.0		0.0
20241015.053	1000		-500
20241015.054	1000		-500
20241015.056	1000		-500
20241015.058	1000		-500
20241015.060	1000		-500
20241015.062	0.0		0.0
20241015.064	0.0		0.0
20241015.065	0.0		0.0
20241015.067	0.0		0.0
20241015.071	0.0		0.0
20241016.014	1000		-500
20241016.015	1000		-500
20241016.016	1000		-500
20241016.020	1000		-500
20241016.023	1000		-500
20241016.024	1000		-500
20241016.025	1000		-500
20241016.026	1000		-500
20241016.029	1000		-500
20241016.030	1000		-500
20241016.031	1000		-500
20241016.033	1000		-500
20241016.035	1000		-500
20241016.037	1000		-500
20241016.038	1000		-500
20241016.039	1000		-500
20241016.040	1000		-500
20241016.041	1000		-500
20241016.042	1000		-500
20241016.043	1000		-500
20241016.044	1000		-500
20241016.053	1000		-500
20241016.055	1000		-500
20241016.056	1000		-500
20241016.057	1000		-500
20241016.060	1000		-500
20241016.061	1000		-500
20241016.069	1000		-500
20241016.070	1000		-500
20241016.071	1000		-500
20241016.081	1000		-500
20241016.082	1000		-500
20241016.083	1000		-500
20241017.013	1000		-500
20241017.014	1000		-500
20241017.015	1000		-500
20241017.016	1000		-500
20241017.017	1000		-500
20241017.021	1000		-500
20241017.022	1000		-500
20241017.023	1000		-500
20241017.024	1000		-500
20241017.025	1000		-500
20241017.039	1000		-500
20241017.040	1000		-500
20241017.041	1000		-500
20241017.042	1000		-500
20241017.043	1000		-500
20241017.044	1000		-500
20241017.045	1000		-500
20241017.047	1000		-500
20241017.048	1000		-500
20241017.049	1000		-500
20241017.050	1000		-500
20241017.053	1000		-500
20241022.006	1000		-500
20241022.007	1000		-500
20241022.011	0.0		0.0
20241022.013	0.0		0.0
20241022.015	0.0		0.0
20241022.016	0.0		0.0
20241022.017	0.0		0.0
20241022.018	0.0		0.0
20241022.019	0.0		0.0
20241022.020	0.0		0.0
20241022.021	0.0		0.0
20241022.043	0.0		0.0
20241022.050	1000		-500
20241022.060	1000		-500
20241023.016	0.0		0.0
20250225.009	1000		-500
20241023.059	0.0		0.0
20250225.010	1000		-500
20250225.011	0.0		0.0
20250225.012	0.0		0.0
20250225.013	0.0		0.0
20250225.014	0.0		0.0
20250225.015	0.0		0.0
20250225.016	0.0		0.0
20250225.017	0.0		0.0
20250225.018	0.0		0.0
20250225.023	1000		-500
20250225.026	1000		-500
20250225.027	0.0		0.0
20250225.032	0.0		0.0
20250225.028	0.0		0.0
20250225.063	0.0		0.0
20250225.057	0.0		0.0
20250225.033	0.0		0.0
20250225.034	0.0		0.0
20250225.035	0.0		0.0
20250225.036	0.0		0.0
20250225.037	0.0		0.0
20250225.038	0.0		0.0
20250225.040	0.0		0.0
20250225.042	0.0		0.0
20250225.043	0.0		0.0
20250225.046	0.0		0.0
20250225.047	0.0		0.0
20250225.049	0.0		0.0
20250225.050	0.0		0.0
20250225.054	0.0		0.0
20250225.055	0.0		0.0
20250225.056	0.0		0.0
20250225.062	0.0		0.0
20250225.070	0.0		0.0
20250225.071	0.0		0.0
20250225.072	0.0		0.0
20241023.070	0.0		0.0
20241023.073	0.0		0.0
20241023.074	0.0		0.0
20241023.075	0.0		0.0
20241023.076	0.0		0.0
20241023.077	0.0		0.0
20241023.079	0.0		0.0
20241023.080	0.0		0.0
20241023.081	0.0		0.0
20241023.082	0.0		0.0
20241023.083	0.0		0.0
20250226.005	1000		-500
20250226.006	1000		-500
20241023.085	1000		-500
20241127.032	1000		-500
20241127.072	0.0		0.0
20250226.019	0.0		0.0
20250226.008	1000		-500
20250226.009	1000		-500
20250226.010	1000		-500
20250226.011	0.0		0.0
20250226.012	0.0		0.0
20250226.013	0.0		0.0
20250226.014	0.0		0.0
20250226.015	0.0		0.0
20250226.030	1000		-500
20250226.034	0.0		0.0
20250226.038	0.0		0.0
20250226.039	0.0		0.0
20250226.035	0.0		0.0
20250226.036	0.0		0.0
20250226.048	0.0		0.0
20250226.037	0.0		0.0
20250226.016	0.0		0.0
20250226.017	0.0		0.0
20250226.018	0.0		0.0
20250226.020	1000		-500
20250226.070	1000		-500
20250226.068	0.0		0.0
20250226.072	0.0		0.0
20250226.074	0.0		0.0
20250226.075	0.0		0.0
20241024.011	1000		-500
20250226.076	0.0		0.0
20241024.013	1000		-500
20250226.040	0.0		0.0
20250226.041	0.0		0.0
20250226.044	0.0		0.0
20241024.014	1000		-500
20250226.050	0.0		0.0
20250226.051	0.0		0.0
20241024.015	1000		-500
20250226.052	0.0		0.0
20250226.055	1000		-500
20250226.057	1000		-500
20250226.058	0.0		0.0
20241024.018	1000		-500
20250226.060	0.0		0.0
20250226.062	0.0		0.0
20250226.066	0.0		0.0
20241024.007	1000		-500
20241024.019	1000		-500
20241024.006	1000		-500
20241024.008	1000		-500
20241024.020	1000		-500
20241024.021	1000		-500
20241024.022	1000		-500
20241024.023	1000		-500
20241024.024	1000		-500
20241024.027	1000		-500
20241024.028	1000		-500
20241024.029	1000		-500
20241024.030	1000		-500
20241024.033	1000		-500
20250227.011	1000		-500
20241024.034	1000		-500
20250227.012	1000		-500
20250227.013	1000.0		-500.0
20250227.014	0.0		0.0
20250227.015	0.0		0.0
20250227.016	0.0		0.0
20250227.017	0.0		0.0
20250227.018	0.0		0.0
20250227.019	0.0		0.0
20250227.020	0.0		0.0
20250227.025	0.0		0.0
20250227.037	0.0		0.0
20250227.026	0.0		0.0
20250227.028	0.0		0.0
20241024.038	1000		-500
20250227.056	0.0		0.0
20250227.057	0.0		0.0
20250227.058	0.0		0.0
20250227.060	0.0		0.0
20250227.062	0.0		0.0
20250227.065	0.0		0.0
20250227.067	0.0		0.0
20250227.069	0.0		0.0
20250227.070	0.0		0.0
20250227.071	0.0		0.0
20250227.075	0.0		0.0
20250227.077	0.0		0.0
20250227.078	0.0		0.0
20250227.079	0.0		0.0
20250227.080	0.0		0.0
20250227.081	0.0		0.0
20250227.082	0.0		0.0
20250227.033	0.0		0.0
20250227.039	0.0		0.0
20250227.041	0.0		0.0
20250227.044	0.0		0.0
20250227.047	0.0		0.0
20250227.048	0.0		0.0
20250227.050	0.0		0.0
20250227.052	0.0		0.0
20250227.053	0.0		0.0
20250227.027	0.0		0.0
20250227.022	0.0		0.0
20250227.021	0.0		0.0
20250227.035	0.0		0.0
20250227.024	0.0		0.0
20241127.073	0.0		0.0
20241127.074	0.0		0.0
20241024.070	0.0		0.0
20241024.035	1000		-500
20241024.036	1000		-500
20241024.037	1000		-500
20241024.039	1000		-500
20241024.040	1000		-500
20241024.041	1000		-500
20241024.044	0.0		0.0
20241024.047	0.0		0.0
20241024.048	0.0		0.0
20241024.049	0.0		0.0
20241024.050	0.0		0.0
20241024.051	0.0		0.0
20241024.052	0.0		0.0
20241024.053	0.0		0.0
20241024.054	0.0		0.0
20241024.055	0.0		0.0
20241024.056	0.0		0.0
20241024.062	0.0		0.0
20241024.063	0.0		0.0
20241024.064	0.0		0.0
20241024.065	0.0		0.0
20241024.067	0.0		0.0
20241024.068	0.0		0.0
20241024.069	0.0		0.0
20241024.071	0.0		0.0
20241024.072	0.0		0.0
20241024.073	0.0		0.0
20241024.074	0.0		0.0
20241024.075	0.0		0.0
20241024.076	0.0		0.0
20241024.077	0.0		0.0
20241024.078	0.0		0.0
20241024.079	0.0		0.0
20241029.006	1000		-500
20241029.007	1000		-500
20241029.011	1000		-500
20241029.012	0.0		0.0
20241029.013	0.0		0.0
20241029.015	0.0		0.0
20241029.016	0.0		0.0
20241029.017	0.0		0.0
20241029.018	0.0		0.0
20241029.019	0.0		0.0
20241029.020	1000		-500
20241029.022	1000		-500
20241029.023	1000		-500
20241029.024	1000		-500
20241029.025	1000		-500
20241029.028	1000		-500
20241029.030	1000		-500
20241029.031	1000		-500
20241105.007	1000		-500
20241105.016	1000		-500
20241105.022	1000		-500
20241105.024	1000		-500
20241105.027	1000		-500
20241105.028	1000		-500
20241105.029	1000		-500
20241105.030	1000		-500
20241105.031	1000		-500
20241105.032	1000		-500
20241105.033	1000		-500
20241105.034	1000		-500
20241105.035	0.0		0.0
20241105.036	0.0		0.0
20241105.037	1000		-500
20241105.038	1000		-500
20241105.041	1000		-500
20241105.043	1000		-500
20241105.048	1000		-500
20241105.052	1000		-500
20241105.053	0.0		0.0
20241105.054	0.0		0.0
20241105.055	0.0		0.0
20241105.057	0.0		0.0
20241105.058	0.0		0.0
20241105.060	0.0		0.0
20241105.061	0.0		0.0
20241105.062	1000		-500
20241105.063	1000		-500
20241105.064	1000		-500
20241105.065	1000		-500
20241105.066	1000		-500
20241105.067	1000		-500
20241105.068	0.0		0.0
20241106.006	1000		-500
20241106.009	1000		-500
20241106.010	1000		-500
20241106.011	1000		-500
20241106.012	1000		-500
20241106.013	1000		-500
20241106.015	1000		-500
20241106.016	1000		-500
20241106.017	1000		-500
20241106.018	1000		-500
20241106.019	1000		-500
20241106.020	1000		-500
20241106.022	1000		-500
20241106.024	1000		-500
20241106.025	1000		-500
20241106.026	1000		-500
20241106.027	1000		-500
20241106.029	1000		-500
20241106.031	1000		-500
20241106.032	1000		-500
20241106.033	1000		-500
20241106.034	1000		-500
20241106.035	1000		-500
20241106.036	1000		-500
20241106.037	1000		-500
20241106.038	1000		-500
20241106.039	1000		-500
20241106.044	1000		-500
20241106.046	1000		-500
20241106.051	1000		-500
20241106.052	1000		-500
20241106.053	1000		-500
20241106.054	1000		-500
20241106.055	0.0		0.0
20241106.056	0.0		0.0
20241106.057	0.0		0.0
20241106.058	0.0		0.0
20241107.015	1000		-500
20241107.016	1000		-500
20241107.019	1000		-500
20250304.006	1000		-500
20250304.007	1000		-500
20250304.009	1000		-500
20250304.010	0.0		0.0
20250304.011	0.0		0.0
20250304.012	0.0		0.0
20250304.013	0.0		0.0
20250304.014	0.0		0.0
20250304.015	0.0		0.0
20250304.016	0.0		0.0
20250304.035	0.0		0.0
20250304.017	0.0		0.0
20250304.022	0.0		0.0
20250304.023	0.0		0.0
20250304.025	0.0		0.0
20250304.028	0.0		0.0
20250304.030	0.0		0.0
20250304.031	0.0		0.0
20250304.032	0.0		0.0
20250304.034	0.0		0.0
20250304.037	0.0		0.0
20250304.039	0.0		0.0
20250304.040	0.0		0.0
20250304.044	0.0		0.0
20250304.045	0.0		0.0
20250304.046	0.0		0.0
20250304.048	0.0		0.0
20250304.049	0.0		0.0
20250304.051	0.0		0.0
20250304.052	0.0		0.0
20250304.054	0.0		0.0
20250304.055	0.0		0.0
20250304.058	0.0		0.0
20250304.059	0.0		0.0
20250304.060	0.0		0.0
20250304.061	0.0		0.0
20250304.062	0.0		0.0
20250304.063	0.0		0.0
20250304.064	0.0		0.0
20250304.065	0.0		0.0
20250304.066	0.0		0.0
20250304.067	0.0		0.0
20250304.068	1000		-500
20250304.069	1000		-500
20250304.070	0.0		0.0
20250304.071	0.0		0.0
20250304.072	0.0		0.0
20250304.073	0.0		0.0
20250304.075	1000		-500
20250304.076	1000		-500
20250304.077	0.0		0.0
20250304.078	0.0		0.0
20250304.079	0.0		0.0
20250304.080	0.0		0.0
20250304.081	0.0		0.0
20250304.082	0.0		0.0
20250304.083	0.0		0.0
20250304.084	0.0		0.0
20250304.085	0.0		0.0
20250304.086	0.0		0.0
20250304.087	0.0		0.0
20250304.089	0.0		0.0
20250304.090	0.0		0.0
20250304.018	0.0		0.0
20250304.020	0.0		0.0
20250304.024	0.0		0.0
20250304.026	0.0		0.0
20250305.006	1000		-500
20250305.009	1000		-500
20250305.011	0.0		0.0
20250305.012	0.0		0.0
20250305.013	0.0		0.0
20250305.014	0.0		0.0
20250305.015	0.0		0.0
20250305.016	0.0		0.0
20250305.019	0.0		0.0
20250305.020	0.0		0.0
20250305.021	0.0		0.0
20250305.022	0.0		0.0
20250305.023	0.0		0.0
20250305.024	1000		-500
20250305.025	0.0		0.0
20250305.066	0.0		0.0
20250305.026	0.0		0.0
20250305.027	0.0		0.0
20250305.028	0.0		0.0
20250305.029	0.0		0.0
20250305.030	0.0		0.0
20250305.031	0.0		0.0
20250305.032	0.0		0.0
20250306.009	1000		-500
20250306.024	0.0		0.0
20250306.016	0.0		0.0
20250306.005	0.0		0.0
20250306.006	19.0		19.0
20250306.028	0.0		0.0
20250306.010	19.5		19.5
20250306.011	0.0		0.0
20250306.012	0.0		0.0
20250306.013	0.0		0.0
20250306.014	0.0		0.0
20250306.015	0.0		0.0
20250306.018	0.0		0.0
20250306.019	0.0		0.0
20250306.020	0.0		0.0
20250306.046	0.0		0.0
20250306.021	0.0		0.0
20250306.022	1000		-500
20250306.023	1000		-500
20250306.026	0.0		0.0
20250306.027	0.0		0.0
20250306.029	0.0		0.0
20250306.030	0.0		0.0
20250306.078	0.0		0.0
20250306.081	0.0		0.0
20250306.075	0.0		0.0
20250306.092	0.0		0.0
20250306.097	0.0		0.0
20250306.079	0.0		0.0
20250306.080	0.0		0.0
20250306.082	0.0		0.0
20250306.084	0.0		0.0
20250306.085	0.0		0.0
20250306.086	0.0		0.0
20250306.087	0.0		0.0
20250306.089	0.0		0.0
20250306.091	0.0		0.0
20250306.094	0.0		0.0
20250306.095	1000		-500
20250306.096	0.0		0.0
20250306.098	0.0		0.0
20250306.099	0.0		0.0
20250306.100	0.0		0.0
20250306.101	0.0		0.0
20250306.102	0.0		0.0
20250306.090	0.0		0.0
20250311.013	0.0		0.0
20250311.060	0.0		0.0
20250304.036	0.0		0.0
20250312.022	0.0		0.0
20250312.023	1000		-500
20250312.033	1000		-500
20250312.039	0.0		0.0
20250312.046	1000		-500
20250312.048	0.0		0.0
20250312.049	0.0		0.0
20250312.050	0.0		0.0
20250312.051	0.0		0.0
20250312.054	0.0		0.0
20250312.055	0.0		0.0
20250312.056	1000		-500
20250312.057	0.0		0.0
20250312.058	0.0		0.0
20250312.060	0.0		0.0
20250312.061	0.0		0.0
20250312.071	0.0		0.0
20250319.022	0.0		0.0
