Fibre No  micrometer-H micrometer-V	Image file
51	6.5	11.0	00000009_00000000AC0EBD23_296489618.bmp
49	6.5	11.0	00000010_00000000B403D2CF_296553704.bmp
2	6.5	11.0	00000011_00000000B6E4B26C_296576885.bmp
12	6.5	11.0	00000012_00000000BB843757_296614107.bmp
15	6.5	11.0	00000013_00000000BEA9714B_296639442.bmp
B1	6.5	11.0	00000015_00000000DC365884_296877421.bmp
B2	6.5	11.0	00000016_00000000E0CC54A1_296914347.bmp
31	6.5	11.0	00000017_00000000E4B5114E_296945828.bmp
32	6.5	11.0	00000018_00000000E7054A6C_296964454.bmp
17	6.5	11.0 	00000019_00000000E9722697_296983986.bmp
16	6.5	11.0	00000020_00000000EE5F9411_297023672.bmp
6	6.5	11.0	00000021_00000000F12A3228_297046152.bmp
B3	6.5	11.0	00000022_00000000F3BB9B22_297066822.bmp
B4	6.5	11.0	00000023_00000000F623AFB2_297086213.bmp
33	6.5	11.0	00000024_00000000FDC95603_297147787.bmp
34	6.5	11.0	00000025_00000000FFAF0858_297163075.bmp
19	6.5	11.0	00000026_00000001026038DA_297184743.bmp
20	6.5	11.0	00000027_00000001055DB8BB_297208830.bmp
8	6.5	11.0	00000028_00000001076666A7_297225210.bmp
B5	6.5	11.0	00000029_00000001102BBECC_297295847.bmp
B6	6.5	11.0	00000030_00000001123C61BE_297312461.bmp
36	6.5	11.0	00000031_000000011CBBA003_297396998.bmp
37	6.5	11.0	00000032_0000000128AD3E05_297493189.bmp
10	6.5	11.0	00000033_000000012B534E91_297514514.bmp
13	6.5	11.0	00000034_000000012D0C8DE9_297528398.bmp
23	6.5	11.0	00000035_000000012FB8F489_297549926.bmp
B7	6.5	11.0	00000036_00000001321AABAE_297569114.bmp
B9	6.5	11.0	00000037_00000001358F5DCD_297596945.bmp
48	6.5	11.0	00000038_0000000139F8DF8E_297632466.bmp
50	6.5	11.0	00000040_000000013C3A22E5_297650625.bmp
9	6.5	11.0	00000041_00000001417EFF61_297693057.bmp
24	6.5	11.0	00000042_0000000146B57FD7_297735037.bmp
26	6.5	11.0	00000043_0000000148D7A059_297752213.bmp
B10	6.5	11.0	00000044_000000014CA08DAC_297782695.bmp
B11	6.5	11.0	00000045_000000014F9C65D9_297806719.bmp
38	6.5	11.0	00000046_0000000153F92F52_297841851.bmp
41	6.5	11.0	00000047_000000015618231D_297858933.bmp
7	6.5	11.0	00000049_000000015AF369A7_297898042.bmp
27	6.5	11.0	00000050_000000015D2A38A3_297915873.bmp
28	6.5	11.0	00000051_00000001600CAE3C_297939102.bmp
B12	6.5	11.0	00000052_00000001638C8431_297967291.bmp
B13	6.5	11.0	00000053_00000001671F71A6_297996073.bmp
42	6.5	11.0	00000054_000000016F32C2F5_298061110.bmp
45	6.5	11.0	00000055_000000017136B2E8_298077334.bmp
11	6.5	11.0	00000056_00000001739EC689_298096710.bmp
25	6.5	11.0	00000057_00000001757C8F44_298111748.bmp
29	6.5	11.0	00000058_0000000177A6A24E_298129173.bmp
B14	6.5	11.0	00000059_0000000179480303_298142309.bmp
B15	6.5	11.0	00000060_000000017BB6690C_298161887.bmp
46	6.5	11.0	00000061_000000018017F0B6_298197159.bmp
21	6.5	11.0	00000063_0000000186A3983C_298249871.bmp
18	6.5	11.0	00000064_0000000188F89374_298268654.bmp
4	6.5	11.0	00000065_000000018B192039_298285783.bmp
1	6.5	11.0	00000066_0000000191394DD6_298335110.bmp
B16	6.5	11.0	00000067_00000001B32F7C4C_298608611.bmp
B17	6.5	11.0	00000068_00000001B50A15F7_298623541.bmp
1	6.5	11	00000004_000000007F5F3AF1_11679375.bmp
1	6.5	10	00000005_000000008C4967C2_11783390.bmp
1	6.5	9	00000006_000000008FBF125E_11811234.bmp
1	6.5	8	00000007_0000000094507967_11848031.bmp
1	6.5	7	00000008_000000009A3D11C7_11895734.bmp
1	6.5	6	00000009_000000009DDB5FE9_11924875.bmp
1	6.5	5	00000010_00000000A326DE39_11967515.bmp
1	6.5	3	00000012_00000000AA681771_12025937.bmp
1	6.5	2	00000013_00000000AF0E65F2_12063375.bmp
1	4.5	2	00000015_00000000DFA211AF_12454578.bmp
1	2.5	2	00000016_00000000E4AD0EE4_12495187.bmp
1	6.5	2	00000017_00000000EBFFE446_12554156.bmp
1	8.5	2	00000018_00000000F4D1FA04_12625203.bmp
1	10.5	2	00000019_00000000FC971231_12687765.bmp
1	10.5	6.5	00000020_00000001046506CE_12750625.bmp
1	8.5	6.5	00000021_000000010A9E5CA0_12800734.bmp
1	6.5	6.5	00000022_000000010F2180E8_12837078.bmp
1	4.5	6.5	00000023_0000000115163A6B_12885046.bmp
1	2.5	6.5	00000024_000000011A5AB133_12927453.bmp
1	2.5	11	00000025_00000001264BD1AE_13023625.bmp
1	4.5	11	00000026_000000012C8F036E_13074062.bmp
1	6.5	11	00000027_0000000130B1D8F2_13107375.bmp
1	8.5	11	00000028_0000000134D98CFE_13140828.bmp
1	10.5	11	00000029_00000001392CD7D1_13175656.bmp
23	6.5	10	00000054_00000001B804ABC1_14197140.bmp
23	6.5	8	00000055_00000001BE30D2FF_14246843.bmp
23	6.5	6	00000056_00000001C1EF2492_14276984.bmp
23	6.5	4	00000057_00000001C5F28283_14309312.bmp
23	6.5	2	00000058_00000001CB024E97_14350078.bmp
23	8.5	2	00000059_00000001D3FC553E_14422359.bmp
23	10.5	2	00000060_00000001D86DCDD8_14458140.bmp
23	6.5	2	00000061_00000001DDF71685_14502718.bmp
23	4.5	2	00000062_00000001E2F8BD84_14543046.bmp
23	2.5	2	00000063_00000001E7908CC9_14580031.bmp
23	2.5	6.5	00000064_00000001EEB8B3DF_14637671.bmp
23	4.5	6.5	00000065_000000020054D453_14779484.bmp
23	6.5	6.5	00000066_00000002050B26E2_14817421.bmp
23	8.5	6.5	00000067_0000000209C8FD81_14855609.bmp
23	10.5	6.5	00000068_000000020D9C30DF_14886421.bmp
23	10.5	11	00000070_000000021766C2FC_14965265.bmp
23	8.5	11	00000071_000000021A6EE8AB_14989671.bmp
23	6.5	11	00000072_000000021E59A322_15021218.bmp
23	4.5	11	00000073_0000000222D01B41_15057156.bmp
23	2.5	11	00000074_0000000227652F65_15094062.bmp
51	10.5	11	00000032_0000000148CCFE2E_13301500.bmp
51	8.5	11	00000033_000000014D97F5D6_13340093.bmp
51	6.5	11	00000034_0000000151CDA662_13374000.bmp
51	4.5	11	00000035_00000001559393A9_13404375.bmp
51	2.5	11	00000036_000000015983C8EA_13436093.bmp
51	2.5	6.5	00000037_000000016081C76E_13492406.bmp
51	4.5	6.5	00000038_0000000165469FC6_13530812.bmp
51	6.5	6.5	00000039_0000000169D190F5_13567390.bmp
51	8.5	6.5	00000040_000000016DBB4CA1_13598906.bmp
51	8.5	2	00000044_000000017E7EC665_13733906.bmp
51	6.5	2	00000045_0000000182E858A5_13769421.bmp
51	4.5	2	00000046_000000018764EDFE_13805562.bmp
51	2.5	2	00000047_000000018B7E84C0_13838578.bmp
51	6.5	2	00000048_00000001941DD19A_13908015.bmp
51	6.5	4	00000049_0000000198844B06_13943453.bmp
51	6.5	6	00000050_000000019C477FB6_13973750.bmp
51	6.5	8	00000051_000000019FDC4691_14002593.bmp
51	6.5	10	00000052_00000001A4B8EF57_14041750.bmp
